146
2
0 0
2 2
4 4
6 6
8 8
2 12
4 14
6 16
8 18
2 22
4 24
6 26
8 28
2 32
4 34
6 36
8 38
2 42
4 44
6 46
8 48
2 52
4 54
6 56
8 58
12 2
14 4
16 6
18 8
12 12
14 14
16 16
18 18
12 22
14 24
16 26
18 28
12 32
14 34
16 36
18 38
12 42
14 44
16 46
18 48
12 52
14 54
16 56
18 58
22 2
24 4
26 6
28 8
22 12
24 14
26 16
28 18
22 22
24 24
26 26
28 28
22 32
24 34
26 36
28 38
22 42
24 44
26 46
28 48
22 52
24 54
26 56
28 58
32 2
34 4
36 6
38 8
32 12
34 14
36 16
38 18
32 22
34 24
36 26
38 28
32 32
34 34
36 36
38 38
32 42
34 44
36 46
38 48
32 52
34 54
36 56
38 58
42 2
44 4
46 6
48 8
42 12
44 14
46 16
48 18
42 22
44 24
46 26
48 28
42 32
44 34
46 36
48 38
42 42
44 44
46 46
48 48
42 52
44 54
46 56
48 58
52 2
54 4
56 6
58 8
52 12
54 14
56 16
58 18
52 22
54 24
56 26
58 28
52 32
54 34
56 36
58 38
52 42
54 44
56 46
58 48
52 52
54 54
56 56
58 58
59 59